0 0 0 1 5
0 1 0 1 5
0 2 0 1 5
0 3 0 1 5
0 4 0 1 5
0 5 0 1 5
0 6 0 1 5
0 7 0 1 5
0 8 0 1 5
0 9 0 1 5
0 10 0 1 5
0 11 0 1 5
1 0 0 1 5
1 1 0 1 5
1 2 0 1 5
1 3 0 1 5
1 4 0 1 5
1 5 0 1 5
1 6 0 1 5
1 7 0 1 5
1 8 0 1 5
1 9 0 1 5
1 10 0 1 5
1 11 0 1 5
2 0 0 1 5
2 1 0 1 5
2 2 0 1 5
2 3 0 1 5
2 4 0 1 5
2 5 0 1 5
2 6 0 1 5
2 7 0 1 5
2 8 0 1 5
2 9 0 1 5
2 10 0 1 5
2 11 0 1 5
3 0 0 1 5
3 1 0 1 5
3 2 0 1 5
3 3 0 1 5
3 4 0 1 5
3 5 0 1 5
3 6 0 1 5
3 7 0 1 5
3 8 0 1 5
3 9 0 1 5
3 10 0 1 5
3 11 0 1 5
4 0 0 1 5
4 1 0 1 5
4 2 0 1 5
4 3 0 1 5
4 4 0 1 5
4 5 0 1 5
4 6 0 1 5
4 7 0 1 5
4 8 0 1 5
4 9 0 1 5
4 10 0 1 5
4 11 0 1 5
5 0 0 1 5
5 1 0 1 5
5 2 0 1 5
5 3 0 1 5
5 4 0 1 5
5 5 0 1 5
5 6 0 1 5
5 7 0 1 5
5 8 0 1 5
5 9 0 1 5
5 10 0 1 5
5 11 0 1 5
6 0 0 1 5
6 1 0 1 5
6 2 0 1 5
6 3 0 1 5
6 4 0 1 5
6 5 0 1 5
6 6 0 1 5
6 7 0 1 5
6 8 0 1 5
6 9 0 1 5
6 10 0 1 5
6 11 0 1 5
7 0 0 1 5
7 1 0 1 5
7 2 0 1 5
7 3 0 1 5
7 4 0 1 5
7 5 0 1 5
7 6 0 1 5
7 7 0 1 5
7 8 0 1 5
7 9 0 1 5
7 10 0 1 5
7 11 0 1 5
8 0 0 1 5
8 1 0 1 5
8 2 0 1 5
8 3 0 1 5
8 4 0 1 5
8 5 0 1 5
8 6 0 1 5
8 7 0 1 5
8 8 0 1 5
8 9 0 1 5
8 10 0 1 5
8 11 0 1 5
9 0 0 1 5
9 1 0 1 5
9 2 0 1 5
9 3 0 1 5
9 4 0 1 5
9 5 0 1 5
9 6 0 1 5
9 7 0 1 5
9 8 0 1 5
9 9 0 1 5
9 10 0 1 5
9 11 0 1 5
10 0 0 1 5
10 1 0 1 5
10 2 0 1 5
10 3 0 1 5
10 4 0 1 5
10 5 0 1 5
10 6 0 1 5
10 7 0 1 5
10 8 0 1 5
10 9 0 1 5
10 10 0 1 5
10 11 0 1 5
11 0 0 1 5
11 1 0 1 5
11 2 0 1 5
11 3 0 1 5
11 4 0 1 5
11 5 0 1 5
11 6 0 1 5
11 7 0 1 5
11 8 0 1 5
11 9 0 1 5
11 10 0 1 5
11 11 0 1 5
12 0 0 1 5
12 1 0 1 5
12 2 0 1 5
12 3 0 1 5
12 4 0 1 5
12 5 0 1 5
12 6 0 1 5
12 7 0 1 5
12 8 0 1 5
12 9 0 1 5
12 10 0 1 5
12 11 0 1 5
13 0 0 1 5
13 1 0 1 5
13 2 0 1 5
13 3 0 1 5
13 4 0 1 5
13 5 0 1 5
13 6 0 1 5
13 7 0 1 5
13 8 0 1 5
13 9 0 1 5
13 10 0 1 5
13 11 0 1 5
14 0 0 1 5
14 1 0 1 5
14 2 0 1 5
14 3 0 1 5
14 4 0 1 5
14 5 0 1 5
14 6 0 1 5
14 7 0 1 5
14 8 0 1 5
14 9 0 1 5
14 10 0 1 5
14 11 0 1 5
15 0 0 1 5
15 1 0 1 5
15 2 0 1 5
15 3 0 1 5
15 4 0 1 5
15 5 0 1 5
15 6 0 1 5
15 7 0 1 5
15 8 0 1 5
15 9 0 1 5
15 10 0 1 5
15 11 0 1 5
0 0 0 1 10
0 1 0 1 10
0 2 0 1 10
0 3 0 1 10
0 4 0 1 10
0 5 0 1 10
0 6 0 1 10
0 7 0 1 10
0 8 0 1 10
0 9 0 1 10
0 10 0 1 10
0 11 0 1 10
1 0 0 1 10
1 1 0 1 10
1 2 0 1 10
1 3 0 1 10
1 4 0 1 10
1 5 0 1 10
1 6 0 1 10
1 7 0 1 10
1 8 0 1 10
1 9 0 1 10
1 10 0 1 10
1 11 0 1 10
2 0 0 1 10
2 1 0 1 10
2 2 0 1 10
2 3 0 1 10
2 4 0 1 10
2 5 0 1 10
2 6 0 1 10
2 7 0 1 10
2 8 0 1 10
2 9 0 1 10
2 10 0 1 10
2 11 0 1 10
3 0 0 1 10
3 1 0 1 10
3 2 0 1 10
3 3 0 1 10
3 4 0 1 10
3 5 0 1 10
3 6 0 1 10
3 7 0 1 10
3 8 0 1 10
3 9 0 1 10
3 10 0 1 10
3 11 0 1 10
4 0 0 1 10
4 1 0 1 10
4 2 0 1 10
4 3 0 1 10
4 4 0 1 10
4 5 0 1 10
4 6 0 1 10
4 7 0 1 10
4 8 0 1 10
4 9 0 1 10
4 10 0 1 10
4 11 0 1 10
5 0 0 1 10
5 1 0 1 10
5 2 0 1 10
5 3 0 1 10
5 4 0 1 10
5 5 0 1 10
5 6 0 1 10
5 7 0 1 10
5 8 0 1 10
5 9 0 1 10
5 10 0 1 10
5 11 0 1 10
6 0 0 1 10
6 1 0 1 10
6 2 0 1 10
6 3 0 1 10
6 4 0 1 10
6 5 0 1 10
6 6 0 1 10
6 7 0 1 10
6 8 0 1 10
6 9 0 1 10
6 10 0 1 10
6 11 0 1 10
7 0 0 1 10
7 1 0 1 10
7 2 0 1 10
7 3 0 1 10
7 4 0 1 10
7 5 0 1 10
7 6 0 1 10
7 7 0 1 10
7 8 0 1 10
7 9 0 1 10
7 10 0 1 10
7 11 0 1 10
8 0 0 1 10
8 1 0 1 10
8 2 0 1 10
8 3 0 1 10
8 4 0 1 10
8 5 0 1 10
8 6 0 1 10
8 7 0 1 10
8 8 0 1 10
8 9 0 1 10
8 10 0 1 10
8 11 0 1 10
9 0 0 1 10
9 1 0 1 10
9 2 0 1 10
9 3 0 1 10
9 4 0 1 10
9 5 0 1 10
9 6 0 1 10
9 7 0 1 10
9 8 0 1 10
9 9 0 1 10
9 10 0 1 10
9 11 0 1 10
10 0 0 1 10
10 1 0 1 10
10 2 0 1 10
10 3 0 1 10
10 4 0 1 10
10 5 0 1 10
10 6 0 1 10
10 7 0 1 10
10 8 0 1 10
10 9 0 1 10
10 10 0 1 10
10 11 0 1 10
11 0 0 1 10
11 1 0 1 10
11 2 0 1 10
11 3 0 1 10
11 4 0 1 10
11 5 0 1 10
11 6 0 1 10
11 7 0 1 10
11 8 0 1 10
11 9 0 1 10
11 10 0 1 10
11 11 0 1 10
12 0 0 1 10
12 1 0 1 10
12 2 0 1 10
12 3 0 1 10
12 4 0 1 10
12 5 0 1 10
12 6 0 1 10
12 7 0 1 10
12 8 0 1 10
12 9 0 1 10
12 10 0 1 10
12 11 0 1 10
13 0 0 1 10
13 1 0 1 10
13 2 0 1 10
13 3 0 1 10
13 4 0 1 10
13 5 0 1 10
13 6 0 1 10
13 7 0 1 10
13 8 0 1 10
13 9 0 1 10
13 10 0 1 10
13 11 0 1 10
14 0 0 1 10
14 1 0 1 10
14 2 0 1 10
14 3 0 1 10
14 4 0 1 10
14 5 0 1 10
14 6 0 1 10
14 7 0 1 10
14 8 0 1 10
14 9 0 1 10
14 10 0 1 10
14 11 0 1 10
15 0 0 1 10
15 1 0 1 10
15 2 0 1 10
15 3 0 1 10
15 4 0 1 10
15 5 0 1 10
15 6 0 1 10
15 7 0 1 10
15 8 0 1 10
15 9 0 1 10
15 10 0 1 10
15 11 0 1 10
0 0 0 1 15
0 1 0 1 15
0 2 0 1 15
0 3 0 1 15
0 4 0 1 15
0 5 0 1 15
0 6 0 1 15
0 7 0 1 15
0 8 0 1 15
0 9 0 1 15
0 10 0 1 15
0 11 0 1 15
1 0 0 1 15
1 1 0 1 15
1 2 0 1 15
1 3 0 1 15
1 4 0 1 15
1 5 0 1 15
1 6 0 1 15
1 7 0 1 15
1 8 0 1 15
1 9 0 1 15
1 10 0 1 15
1 11 0 1 15
2 0 0 1 15
2 1 0 1 15
2 2 0 1 15
2 3 0 1 15
2 4 0 1 15
2 5 0 1 15
2 6 0 1 15
2 7 0 1 15
2 8 0 1 15
2 9 0 1 15
2 10 0 1 15
2 11 0 1 15
3 0 0 1 15
3 1 0 1 15
3 2 0 1 15
3 3 0 1 15
3 4 0 1 15
3 5 0 1 15
3 6 0 1 15
3 7 0 1 15
3 8 0 1 15
3 9 0 1 15
3 10 0 1 15
3 11 0 1 15
4 0 0 1 15
4 1 0 1 15
4 2 0 1 15
4 3 0 1 15
4 4 0 1 15
4 5 0 1 15
4 6 0 1 15
4 7 0 1 15
4 8 0 1 15
4 9 0 1 15
4 10 0 1 15
4 11 0 1 15
5 0 0 1 15
5 1 0 1 15
5 2 0 1 15
5 3 0 1 15
5 4 0 1 15
5 5 0 1 15
5 6 0 1 15
5 7 0 1 15
5 8 0 1 15
5 9 0 1 15
5 10 0 1 15
5 11 0 1 15
6 0 0 1 15
6 1 0 1 15
6 2 0 1 15
6 3 0 1 15
6 4 0 1 15
6 5 0 1 15
6 6 0 1 15
6 7 0 1 15
6 8 0 1 15
6 9 0 1 15
6 10 0 1 15
6 11 0 1 15
7 0 0 1 15
7 1 0 1 15
7 2 0 1 15
7 3 0 1 15
7 4 0 1 15
7 5 0 1 15
7 6 0 1 15
7 7 0 1 15
7 8 0 1 15
7 9 0 1 15
7 10 0 1 15
7 11 0 1 15
8 0 0 1 15
8 1 0 1 15
8 2 0 1 15
8 3 0 1 15
8 4 0 1 15
8 5 0 1 15
8 6 0 1 15
8 7 0 1 15
8 8 0 1 15
8 9 0 1 15
8 10 0 1 15
8 11 0 1 15
9 0 0 1 15
9 1 0 1 15
9 2 0 1 15
9 3 0 1 15
9 4 0 1 15
9 5 0 1 15
9 6 0 1 15
9 7 0 1 15
9 8 0 1 15
9 9 0 1 15
9 10 0 1 15
9 11 0 1 15
10 0 0 1 15
10 1 0 1 15
10 2 0 1 15
10 3 0 1 15
10 4 0 1 15
10 5 0 1 15
10 6 0 1 15
10 7 0 1 15
10 8 0 1 15
10 9 0 1 15
10 10 0 1 15
10 11 0 1 15
11 0 0 1 15
11 1 0 1 15
11 2 0 1 15
11 3 0 1 15
11 4 0 1 15
11 5 0 1 15
11 6 0 1 15
11 7 0 1 15
11 8 0 1 15
11 9 0 1 15
11 10 0 1 15
11 11 0 1 15
12 0 0 1 15
12 1 0 1 15
12 2 0 1 15
12 3 0 1 15
12 4 0 1 15
12 5 0 1 15
12 6 0 1 15
12 7 0 1 15
12 8 0 1 15
12 9 0 1 15
12 10 0 1 15
12 11 0 1 15
13 0 0 1 15
13 1 0 1 15
13 2 0 1 15
13 3 0 1 15
13 4 0 1 15
13 5 0 1 15
13 6 0 1 15
13 7 0 1 15
13 8 0 1 15
13 9 0 1 15
13 10 0 1 15
13 11 0 1 15
14 0 0 1 15
14 1 0 1 15
14 2 0 1 15
14 3 0 1 15
14 4 0 1 15
14 5 0 1 15
14 6 0 1 15
14 7 0 1 15
14 8 0 1 15
14 9 0 1 15
14 10 0 1 15
14 11 0 1 15
15 0 0 1 15
15 1 0 1 15
15 2 0 1 15
15 3 0 1 15
15 4 0 1 15
15 5 0 1 15
15 6 0 1 15
15 7 0 1 15
15 8 0 1 15
15 9 0 1 15
15 10 0 1 15
15 11 0 1 15
0 0 0 2 5
0 1 0 2 5
0 2 0 2 5
0 3 0 2 5
0 4 0 2 5
0 5 0 2 5
0 6 0 2 5
0 7 0 2 5
0 8 0 2 5
0 9 0 2 5
0 10 0 2 5
0 11 0 2 5
1 0 0 2 5
1 1 0 2 5
1 2 0 2 5
1 3 0 2 5
1 4 0 2 5
1 5 0 2 5
1 6 0 2 5
1 7 0 2 5
1 8 0 2 5
1 9 0 2 5
1 10 0 2 5
1 11 0 2 5
2 0 0 2 5
2 1 0 2 5
2 2 0 2 5
2 3 0 2 5
2 4 0 2 5
2 5 0 2 5
2 6 0 2 5
2 7 0 2 5
2 8 0 2 5
2 9 0 2 5
2 10 0 2 5
2 11 0 2 5
3 0 0 2 5
3 1 0 2 5
3 2 0 2 5
3 3 0 2 5
3 4 0 2 5
3 5 0 2 5
3 6 0 2 5
3 7 0 2 5
3 8 0 2 5
3 9 0 2 5
3 10 0 2 5
3 11 0 2 5
4 0 0 2 5
4 1 0 2 5
4 2 0 2 5
4 3 0 2 5
4 4 0 2 5
4 5 0 2 5
4 6 0 2 5
4 7 0 2 5
4 8 0 2 5
4 9 0 2 5
4 10 0 2 5
4 11 0 2 5
5 0 0 2 5
5 1 0 2 5
5 2 0 2 5
5 3 0 2 5
5 4 0 2 5
5 5 0 2 5
5 6 0 2 5
5 7 0 2 5
5 8 0 2 5
5 9 0 2 5
5 10 0 2 5
5 11 0 2 5
6 0 0 2 5
6 1 0 2 5
6 2 0 2 5
6 3 0 2 5
6 4 0 2 5
6 5 0 2 5
6 6 0 2 5
6 7 0 2 5
6 8 0 2 5
6 9 0 2 5
6 10 0 2 5
6 11 0 2 5
7 0 0 2 5
7 1 0 2 5
7 2 0 2 5
7 3 0 2 5
7 4 0 2 5
7 5 0 2 5
7 6 0 2 5
7 7 0 2 5
7 8 0 2 5
7 9 0 2 5
7 10 0 2 5
7 11 0 2 5
8 0 0 2 5
8 1 0 2 5
8 2 0 2 5
8 3 0 2 5
8 4 0 2 5
8 5 0 2 5
8 6 0 2 5
8 7 0 2 5
8 8 0 2 5
8 9 0 2 5
8 10 0 2 5
8 11 0 2 5
9 0 0 2 5
9 1 0 2 5
9 2 0 2 5
9 3 0 2 5
9 4 0 2 5
9 5 0 2 5
9 6 0 2 5
9 7 0 2 5
9 8 0 2 5
9 9 0 2 5
9 10 0 2 5
9 11 0 2 5
10 0 0 2 5
10 1 0 2 5
10 2 0 2 5
10 3 0 2 5
10 4 0 2 5
10 5 0 2 5
10 6 0 2 5
10 7 0 2 5
10 8 0 2 5
10 9 0 2 5
10 10 0 2 5
10 11 0 2 5
11 0 0 2 5
11 1 0 2 5
11 2 0 2 5
11 3 0 2 5
11 4 0 2 5
11 5 0 2 5
11 6 0 2 5
11 7 0 2 5
11 8 0 2 5
11 9 0 2 5
11 10 0 2 5
11 11 0 2 5
12 0 0 2 5
12 1 0 2 5
12 2 0 2 5
12 3 0 2 5
12 4 0 2 5
12 5 0 2 5
12 6 0 2 5
12 7 0 2 5
12 8 0 2 5
12 9 0 2 5
12 10 0 2 5
12 11 0 2 5
13 0 0 2 5
13 1 0 2 5
13 2 0 2 5
13 3 0 2 5
13 4 0 2 5
13 5 0 2 5
13 6 0 2 5
13 7 0 2 5
13 8 0 2 5
13 9 0 2 5
13 10 0 2 5
13 11 0 2 5
14 0 0 2 5
14 1 0 2 5
14 2 0 2 5
14 3 0 2 5
14 4 0 2 5
14 5 0 2 5
14 6 0 2 5
14 7 0 2 5
14 8 0 2 5
14 9 0 2 5
14 10 0 2 5
14 11 0 2 5
15 0 0 2 5
15 1 0 2 5
15 2 0 2 5
15 3 0 2 5
15 4 0 2 5
15 5 0 2 5
15 6 0 2 5
15 7 0 2 5
15 8 0 2 5
15 9 0 2 5
15 10 0 2 5
15 11 0 2 5
0 0 0 2 10
0 1 0 2 10
0 2 0 2 10
0 3 0 2 10
0 4 0 2 10
0 5 0 2 10
0 6 0 2 10
0 7 0 2 10
0 8 0 2 10
0 9 0 2 10
0 10 0 2 10
0 11 0 2 10
1 0 0 2 10
1 1 0 2 10
1 2 0 2 10
1 3 0 2 10
1 4 0 2 10
1 5 0 2 10
1 6 0 2 10
1 7 0 2 10
1 8 0 2 10
1 9 0 2 10
1 10 0 2 10
1 11 0 2 10
2 0 0 2 10
2 1 0 2 10
2 2 0 2 10
2 3 0 2 10
2 4 0 2 10
2 5 0 2 10
2 6 0 2 10
2 7 0 2 10
2 8 0 2 10
2 9 0 2 10
2 10 0 2 10
2 11 0 2 10
3 0 0 2 10
3 1 0 2 10
3 2 0 2 10
3 3 0 2 10
3 4 0 2 10
3 5 0 2 10
3 6 0 2 10
3 7 0 2 10
3 8 0 2 10
3 9 0 2 10
3 10 0 2 10
3 11 0 2 10
4 0 0 2 10
4 1 0 2 10
4 2 0 2 10
4 3 0 2 10
4 4 0 2 10
4 5 0 2 10
4 6 0 2 10
4 7 0 2 10
4 8 0 2 10
4 9 0 2 10
4 10 0 2 10
4 11 0 2 10
5 0 0 2 10
5 1 0 2 10
5 2 0 2 10
5 3 0 2 10
5 4 0 2 10
5 5 0 2 10
5 6 0 2 10
5 7 0 2 10
5 8 0 2 10
5 9 0 2 10
5 10 0 2 10
5 11 0 2 10
6 0 0 2 10
6 1 0 2 10
6 2 0 2 10
6 3 0 2 10
6 4 0 2 10
6 5 0 2 10
6 6 0 2 10
6 7 0 2 10
6 8 0 2 10
6 9 0 2 10
6 10 0 2 10
6 11 0 2 10
7 0 0 2 10
7 1 0 2 10
7 2 0 2 10
7 3 0 2 10
7 4 0 2 10
7 5 0 2 10
7 6 0 2 10
7 7 0 2 10
7 8 0 2 10
7 9 0 2 10
7 10 0 2 10
7 11 0 2 10
8 0 0 2 10
8 1 0 2 10
8 2 0 2 10
8 3 0 2 10
8 4 0 2 10
8 5 0 2 10
8 6 0 2 10
8 7 0 2 10
8 8 0 2 10
8 9 0 2 10
8 10 0 2 10
8 11 0 2 10
9 0 0 2 10
9 1 0 2 10
9 2 0 2 10
9 3 0 2 10
9 4 0 2 10
9 5 0 2 10
9 6 0 2 10
9 7 0 2 10
9 8 0 2 10
9 9 0 2 10
9 10 0 2 10
9 11 0 2 10
10 0 0 2 10
10 1 0 2 10
10 2 0 2 10
10 3 0 2 10
10 4 0 2 10
10 5 0 2 10
10 6 0 2 10
10 7 0 2 10
10 8 0 2 10
10 9 0 2 10
10 10 0 2 10
10 11 0 2 10
11 0 0 2 10
11 1 0 2 10
11 2 0 2 10
11 3 0 2 10
11 4 0 2 10
11 5 0 2 10
11 6 0 2 10
11 7 0 2 10
11 8 0 2 10
11 9 0 2 10
11 10 0 2 10
11 11 0 2 10
12 0 0 2 10
12 1 0 2 10
12 2 0 2 10
12 3 0 2 10
12 4 0 2 10
12 5 0 2 10
12 6 0 2 10
12 7 0 2 10
12 8 0 2 10
12 9 0 2 10
12 10 0 2 10
12 11 0 2 10
13 0 0 2 10
13 1 0 2 10
13 2 0 2 10
13 3 0 2 10
13 4 0 2 10
13 5 0 2 10
13 6 0 2 10
13 7 0 2 10
13 8 0 2 10
13 9 0 2 10
13 10 0 2 10
13 11 0 2 10
14 0 0 2 10
14 1 0 2 10
14 2 0 2 10
14 3 0 2 10
14 4 0 2 10
14 5 0 2 10
14 6 0 2 10
14 7 0 2 10
14 8 0 2 10
14 9 0 2 10
14 10 0 2 10
14 11 0 2 10
15 0 0 2 10
15 1 0 2 10
15 2 0 2 10
15 3 0 2 10
15 4 0 2 10
15 5 0 2 10
15 6 0 2 10
15 7 0 2 10
15 8 0 2 10
15 9 0 2 10
15 10 0 2 10
15 11 0 2 10
0 0 0 2 15
0 1 0 2 15
0 2 0 2 15
0 3 0 2 15
0 4 0 2 15
0 5 0 2 15
0 6 0 2 15
0 7 0 2 15
0 8 0 2 15
0 9 0 2 15
0 10 0 2 15
0 11 0 2 15
1 0 0 2 15
1 1 0 2 15
1 2 0 2 15
1 3 0 2 15
1 4 0 2 15
1 5 0 2 15
1 6 0 2 15
1 7 0 2 15
1 8 0 2 15
1 9 0 2 15
1 10 0 2 15
1 11 0 2 15
2 0 0 2 15
2 1 0 2 15
2 2 0 2 15
2 3 0 2 15
2 4 0 2 15
2 5 0 2 15
2 6 0 2 15
2 7 0 2 15
2 8 0 2 15
2 9 0 2 15
2 10 0 2 15
2 11 0 2 15
3 0 0 2 15
3 1 0 2 15
3 2 0 2 15
3 3 0 2 15
3 4 0 2 15
3 5 0 2 15
3 6 0 2 15
3 7 0 2 15
3 8 0 2 15
3 9 0 2 15
3 10 0 2 15
3 11 0 2 15
4 0 0 2 15
4 1 0 2 15
4 2 0 2 15
4 3 0 2 15
4 4 0 2 15
4 5 0 2 15
4 6 0 2 15
4 7 0 2 15
4 8 0 2 15
4 9 0 2 15
4 10 0 2 15
4 11 0 2 15
5 0 0 2 15
5 1 0 2 15
5 2 0 2 15
5 3 0 2 15
5 4 0 2 15
5 5 0 2 15
5 6 0 2 15
5 7 0 2 15
5 8 0 2 15
5 9 0 2 15
5 10 0 2 15
5 11 0 2 15
6 0 0 2 15
6 1 0 2 15
6 2 0 2 15
6 3 0 2 15
6 4 0 2 15
6 5 0 2 15
6 6 0 2 15
6 7 0 2 15
6 8 0 2 15
6 9 0 2 15
6 10 0 2 15
6 11 0 2 15
7 0 0 2 15
7 1 0 2 15
7 2 0 2 15
7 3 0 2 15
7 4 0 2 15
7 5 0 2 15
7 6 0 2 15
7 7 0 2 15
7 8 0 2 15
7 9 0 2 15
7 10 0 2 15
7 11 0 2 15
8 0 0 2 15
8 1 0 2 15
8 2 0 2 15
8 3 0 2 15
8 4 0 2 15
8 5 0 2 15
8 6 0 2 15
8 7 0 2 15
8 8 0 2 15
8 9 0 2 15
8 10 0 2 15
8 11 0 2 15
9 0 0 2 15
9 1 0 2 15
9 2 0 2 15
9 3 0 2 15
9 4 0 2 15
9 5 0 2 15
9 6 0 2 15
9 7 0 2 15
9 8 0 2 15
9 9 0 2 15
9 10 0 2 15
9 11 0 2 15
10 0 0 2 15
10 1 0 2 15
10 2 0 2 15
10 3 0 2 15
10 4 0 2 15
10 5 0 2 15
10 6 0 2 15
10 7 0 2 15
10 8 0 2 15
10 9 0 2 15
10 10 0 2 15
10 11 0 2 15
11 0 0 2 15
11 1 0 2 15
11 2 0 2 15
11 3 0 2 15
11 4 0 2 15
11 5 0 2 15
11 6 0 2 15
11 7 0 2 15
11 8 0 2 15
11 9 0 2 15
11 10 0 2 15
11 11 0 2 15
12 0 0 2 15
12 1 0 2 15
12 2 0 2 15
12 3 0 2 15
12 4 0 2 15
12 5 0 2 15
12 6 0 2 15
12 7 0 2 15
12 8 0 2 15
12 9 0 2 15
12 10 0 2 15
12 11 0 2 15
13 0 0 2 15
13 1 0 2 15
13 2 0 2 15
13 3 0 2 15
13 4 0 2 15
13 5 0 2 15
13 6 0 2 15
13 7 0 2 15
13 8 0 2 15
13 9 0 2 15
13 10 0 2 15
13 11 0 2 15
14 0 0 2 15
14 1 0 2 15
14 2 0 2 15
14 3 0 2 15
14 4 0 2 15
14 5 0 2 15
14 6 0 2 15
14 7 0 2 15
14 8 0 2 15
14 9 0 2 15
14 10 0 2 15
14 11 0 2 15
15 0 0 2 15
15 1 0 2 15
15 2 0 2 15
15 3 0 2 15
15 4 0 2 15
15 5 0 2 15
15 6 0 2 15
15 7 0 2 15
15 8 0 2 15
15 9 0 2 15
15 10 0 2 15
15 11 0 2 15
0 0 0 4 5
0 1 0 4 5
0 2 0 4 5
0 3 0 4 5
0 4 0 4 5
0 5 0 4 5
0 6 0 4 5
0 7 0 4 5
0 8 0 4 5
0 9 0 4 5
0 10 0 4 5
0 11 0 4 5
1 0 0 4 5
1 1 0 4 5
1 2 0 4 5
1 3 0 4 5
1 4 0 4 5
1 5 0 4 5
1 6 0 4 5
1 7 0 4 5
1 8 0 4 5
1 9 0 4 5
1 10 0 4 5
1 11 0 4 5
2 0 0 4 5
2 1 0 4 5
2 2 0 4 5
2 3 0 4 5
2 4 0 4 5
2 5 0 4 5
2 6 0 4 5
2 7 0 4 5
2 8 0 4 5
2 9 0 4 5
2 10 0 4 5
2 11 0 4 5
3 0 0 4 5
3 1 0 4 5
3 2 0 4 5
3 3 0 4 5
3 4 0 4 5
3 5 0 4 5
3 6 0 4 5
3 7 0 4 5
3 8 0 4 5
3 9 0 4 5
3 10 0 4 5
3 11 0 4 5
4 0 0 4 5
4 1 0 4 5
4 2 0 4 5
4 3 0 4 5
4 4 0 4 5
4 5 0 4 5
4 6 0 4 5
4 7 0 4 5
4 8 0 4 5
4 9 0 4 5
4 10 0 4 5
4 11 0 4 5
5 0 0 4 5
5 1 0 4 5
5 2 0 4 5
5 3 0 4 5
5 4 0 4 5
5 5 0 4 5
5 6 0 4 5
5 7 0 4 5
5 8 0 4 5
5 9 0 4 5
5 10 0 4 5
5 11 0 4 5
6 0 0 4 5
6 1 0 4 5
6 2 0 4 5
6 3 0 4 5
6 4 0 4 5
6 5 0 4 5
6 6 0 4 5
6 7 0 4 5
6 8 0 4 5
6 9 0 4 5
6 10 0 4 5
6 11 0 4 5
7 0 0 4 5
7 1 0 4 5
7 2 0 4 5
7 3 0 4 5
7 4 0 4 5
7 5 0 4 5
7 6 0 4 5
7 7 0 4 5
7 8 0 4 5
7 9 0 4 5
7 10 0 4 5
7 11 0 4 5
8 0 0 4 5
8 1 0 4 5
8 2 0 4 5
8 3 0 4 5
8 4 0 4 5
8 5 0 4 5
8 6 0 4 5
8 7 0 4 5
8 8 0 4 5
8 9 0 4 5
8 10 0 4 5
8 11 0 4 5
9 0 0 4 5
9 1 0 4 5
9 2 0 4 5
9 3 0 4 5
9 4 0 4 5
9 5 0 4 5
9 6 0 4 5
9 7 0 4 5
9 8 0 4 5
9 9 0 4 5
9 10 0 4 5
9 11 0 4 5
10 0 0 4 5
10 1 0 4 5
10 2 0 4 5
10 3 0 4 5
10 4 0 4 5
10 5 0 4 5
10 6 0 4 5
10 7 0 4 5
10 8 0 4 5
10 9 0 4 5
10 10 0 4 5
10 11 0 4 5
11 0 0 4 5
11 1 0 4 5
11 2 0 4 5
11 3 0 4 5
11 4 0 4 5
11 5 0 4 5
11 6 0 4 5
11 7 0 4 5
11 8 0 4 5
11 9 0 4 5
11 10 0 4 5
11 11 0 4 5
12 0 0 4 5
12 1 0 4 5
12 2 0 4 5
12 3 0 4 5
12 4 0 4 5
12 5 0 4 5
12 6 0 4 5
12 7 0 4 5
12 8 0 4 5
12 9 0 4 5
12 10 0 4 5
12 11 0 4 5
13 0 0 4 5
13 1 0 4 5
13 2 0 4 5
13 3 0 4 5
13 4 0 4 5
13 5 0 4 5
13 6 0 4 5
13 7 0 4 5
13 8 0 4 5
13 9 0 4 5
13 10 0 4 5
13 11 0 4 5
14 0 0 4 5
14 1 0 4 5
14 2 0 4 5
14 3 0 4 5
14 4 0 4 5
14 5 0 4 5
14 6 0 4 5
14 7 0 4 5
14 8 0 4 5
14 9 0 4 5
14 10 0 4 5
14 11 0 4 5
15 0 0 4 5
15 1 0 4 5
15 2 0 4 5
15 3 0 4 5
15 4 0 4 5
15 5 0 4 5
15 6 0 4 5
15 7 0 4 5
15 8 0 4 5
15 9 0 4 5
15 10 0 4 5
15 11 0 4 5
0 0 0 4 10
0 1 0 4 10
0 2 0 4 10
0 3 0 4 10
0 4 0 4 10
0 5 0 4 10
0 6 0 4 10
0 7 0 4 10
0 8 0 4 10
0 9 0 4 10
0 10 0 4 10
0 11 0 4 10
1 0 0 4 10
1 1 0 4 10
1 2 0 4 10
1 3 0 4 10
1 4 0 4 10
1 5 0 4 10
1 6 0 4 10
1 7 0 4 10
1 8 0 4 10
1 9 0 4 10
1 10 0 4 10
1 11 0 4 10
2 0 0 4 10
2 1 0 4 10
2 2 0 4 10
2 3 0 4 10
2 4 0 4 10
2 5 0 4 10
2 6 0 4 10
2 7 0 4 10
2 8 0 4 10
2 9 0 4 10
2 10 0 4 10
2 11 0 4 10
3 0 0 4 10
3 1 0 4 10
3 2 0 4 10
3 3 0 4 10
3 4 0 4 10
3 5 0 4 10
3 6 0 4 10
3 7 0 4 10
3 8 0 4 10
3 9 0 4 10
3 10 0 4 10
3 11 0 4 10
4 0 0 4 10
4 1 0 4 10
4 2 0 4 10
4 3 0 4 10
4 4 0 4 10
4 5 0 4 10
4 6 0 4 10
4 7 0 4 10
4 8 0 4 10
4 9 0 4 10
4 10 0 4 10
4 11 0 4 10
5 0 0 4 10
5 1 0 4 10
5 2 0 4 10
5 3 0 4 10
5 4 0 4 10
5 5 0 4 10
5 6 0 4 10
5 7 0 4 10
5 8 0 4 10
5 9 0 4 10
5 10 0 4 10
5 11 0 4 10
6 0 0 4 10
6 1 0 4 10
6 2 0 4 10
6 3 0 4 10
6 4 0 4 10
6 5 0 4 10
6 6 0 4 10
6 7 0 4 10
6 8 0 4 10
6 9 0 4 10
6 10 0 4 10
6 11 0 4 10
7 0 0 4 10
7 1 0 4 10
7 2 0 4 10
7 3 0 4 10
7 4 0 4 10
7 5 0 4 10
7 6 0 4 10
7 7 0 4 10
7 8 0 4 10
7 9 0 4 10
7 10 0 4 10
7 11 0 4 10
8 0 0 4 10
8 1 0 4 10
8 2 0 4 10
8 3 0 4 10
8 4 0 4 10
8 5 0 4 10
8 6 0 4 10
8 7 0 4 10
8 8 0 4 10
8 9 0 4 10
8 10 0 4 10
8 11 0 4 10
9 0 0 4 10
9 1 0 4 10
9 2 0 4 10
9 3 0 4 10
9 4 0 4 10
9 5 0 4 10
9 6 0 4 10
9 7 0 4 10
9 8 0 4 10
9 9 0 4 10
9 10 0 4 10
9 11 0 4 10
10 0 0 4 10
10 1 0 4 10
10 2 0 4 10
10 3 0 4 10
10 4 0 4 10
10 5 0 4 10
10 6 0 4 10
10 7 0 4 10
10 8 0 4 10
10 9 0 4 10
10 10 0 4 10
10 11 0 4 10
11 0 0 4 10
11 1 0 4 10
11 2 0 4 10
11 3 0 4 10
11 4 0 4 10
11 5 0 4 10
11 6 0 4 10
11 7 0 4 10
11 8 0 4 10
11 9 0 4 10
11 10 0 4 10
11 11 0 4 10
12 0 0 4 10
12 1 0 4 10
12 2 0 4 10
12 3 0 4 10
12 4 0 4 10
12 5 0 4 10
12 6 0 4 10
12 7 0 4 10
12 8 0 4 10
12 9 0 4 10
12 10 0 4 10
12 11 0 4 10
13 0 0 4 10
13 1 0 4 10
13 2 0 4 10
13 3 0 4 10
13 4 0 4 10
13 5 0 4 10
13 6 0 4 10
13 7 0 4 10
13 8 0 4 10
13 9 0 4 10
13 10 0 4 10
13 11 0 4 10
14 0 0 4 10
14 1 0 4 10
14 2 0 4 10
14 3 0 4 10
14 4 0 4 10
14 5 0 4 10
14 6 0 4 10
14 7 0 4 10
14 8 0 4 10
14 9 0 4 10
14 10 0 4 10
14 11 0 4 10
15 0 0 4 10
15 1 0 4 10
15 2 0 4 10
15 3 0 4 10
15 4 0 4 10
15 5 0 4 10
15 6 0 4 10
15 7 0 4 10
15 8 0 4 10
15 9 0 4 10
15 10 0 4 10
15 11 0 4 10
0 0 0 4 15
0 1 0 4 15
0 2 0 4 15
0 3 0 4 15
0 4 0 4 15
0 5 0 4 15
0 6 0 4 15
0 7 0 4 15
0 8 0 4 15
0 9 0 4 15
0 10 0 4 15
0 11 0 4 15
1 0 0 4 15
1 1 0 4 15
1 2 0 4 15
1 3 0 4 15
1 4 0 4 15
1 5 0 4 15
1 6 0 4 15
1 7 0 4 15
1 8 0 4 15
1 9 0 4 15
1 10 0 4 15
1 11 0 4 15
2 0 0 4 15
2 1 0 4 15
2 2 0 4 15
2 3 0 4 15
2 4 0 4 15
2 5 0 4 15
2 6 0 4 15
2 7 0 4 15
2 8 0 4 15
2 9 0 4 15
2 10 0 4 15
2 11 0 4 15
3 0 0 4 15
3 1 0 4 15
3 2 0 4 15
3 3 0 4 15
3 4 0 4 15
3 5 0 4 15
3 6 0 4 15
3 7 0 4 15
3 8 0 4 15
3 9 0 4 15
3 10 0 4 15
3 11 0 4 15
4 0 0 4 15
4 1 0 4 15
4 2 0 4 15
4 3 0 4 15
4 4 0 4 15
4 5 0 4 15
4 6 0 4 15
4 7 0 4 15
4 8 0 4 15
4 9 0 4 15
4 10 0 4 15
4 11 0 4 15
5 0 0 4 15
5 1 0 4 15
5 2 0 4 15
5 3 0 4 15
5 4 0 4 15
5 5 0 4 15
5 6 0 4 15
5 7 0 4 15
5 8 0 4 15
5 9 0 4 15
5 10 0 4 15
5 11 0 4 15
6 0 0 4 15
6 1 0 4 15
6 2 0 4 15
6 3 0 4 15
6 4 0 4 15
6 5 0 4 15
6 6 0 4 15
6 7 0 4 15
6 8 0 4 15
6 9 0 4 15
6 10 0 4 15
6 11 0 4 15
7 0 0 4 15
7 1 0 4 15
7 2 0 4 15
7 3 0 4 15
7 4 0 4 15
7 5 0 4 15
7 6 0 4 15
7 7 0 4 15
7 8 0 4 15
7 9 0 4 15
7 10 0 4 15
7 11 0 4 15
8 0 0 4 15
8 1 0 4 15
8 2 0 4 15
8 3 0 4 15
8 4 0 4 15
8 5 0 4 15
8 6 0 4 15
8 7 0 4 15
8 8 0 4 15
8 9 0 4 15
8 10 0 4 15
8 11 0 4 15
9 0 0 4 15
9 1 0 4 15
9 2 0 4 15
9 3 0 4 15
9 4 0 4 15
9 5 0 4 15
9 6 0 4 15
9 7 0 4 15
9 8 0 4 15
9 9 0 4 15
9 10 0 4 15
9 11 0 4 15
10 0 0 4 15
10 1 0 4 15
10 2 0 4 15
10 3 0 4 15
10 4 0 4 15
10 5 0 4 15
10 6 0 4 15
10 7 0 4 15
10 8 0 4 15
10 9 0 4 15
10 10 0 4 15
10 11 0 4 15
11 0 0 4 15
11 1 0 4 15
11 2 0 4 15
11 3 0 4 15
11 4 0 4 15
11 5 0 4 15
11 6 0 4 15
11 7 0 4 15
11 8 0 4 15
11 9 0 4 15
11 10 0 4 15
11 11 0 4 15
12 0 0 4 15
12 1 0 4 15
12 2 0 4 15
12 3 0 4 15
12 4 0 4 15
12 5 0 4 15
12 6 0 4 15
12 7 0 4 15
12 8 0 4 15
12 9 0 4 15
12 10 0 4 15
12 11 0 4 15
13 0 0 4 15
13 1 0 4 15
13 2 0 4 15
13 3 0 4 15
13 4 0 4 15
13 5 0 4 15
13 6 0 4 15
13 7 0 4 15
13 8 0 4 15
13 9 0 4 15
13 10 0 4 15
13 11 0 4 15
14 0 0 4 15
14 1 0 4 15
14 2 0 4 15
14 3 0 4 15
14 4 0 4 15
14 5 0 4 15
14 6 0 4 15
14 7 0 4 15
14 8 0 4 15
14 9 0 4 15
14 10 0 4 15
14 11 0 4 15
15 0 0 4 15
15 1 0 4 15
15 2 0 4 15
15 3 0 4 15
15 4 0 4 15
15 5 0 4 15
15 6 0 4 15
15 7 0 4 15
15 8 0 4 15
15 9 0 4 15
15 10 0 4 15
15 11 0 4 15
0 0 1 1 5
0 1 1 1 5
0 2 1 1 5
0 3 1 1 5
0 4 1 1 5
0 5 1 1 5
0 6 1 1 5
0 7 1 1 5
0 8 1 1 5
0 9 1 1 5
0 10 1 1 5
0 11 1 1 5
1 0 1 1 5
1 1 1 1 5
1 2 1 1 5
1 3 1 1 5
1 4 1 1 5
1 5 1 1 5
1 6 1 1 5
1 7 1 1 5
1 8 1 1 5
1 9 1 1 5
1 10 1 1 5
1 11 1 1 5
2 0 1 1 5
2 1 1 1 5
2 2 1 1 5
2 3 1 1 5
2 4 1 1 5
2 5 1 1 5
2 6 1 1 5
2 7 1 1 5
2 8 1 1 5
2 9 1 1 5
2 10 1 1 5
2 11 1 1 5
3 0 1 1 5
3 1 1 1 5
3 2 1 1 5
3 3 1 1 5
3 4 1 1 5
3 5 1 1 5
3 6 1 1 5
3 7 1 1 5
3 8 1 1 5
3 9 1 1 5
3 10 1 1 5
3 11 1 1 5
4 0 1 1 5
4 1 1 1 5
4 2 1 1 5
4 3 1 1 5
4 4 1 1 5
4 5 1 1 5
4 6 1 1 5
4 7 1 1 5
4 8 1 1 5
4 9 1 1 5
4 10 1 1 5
4 11 1 1 5
5 0 1 1 5
5 1 1 1 5
5 2 1 1 5
5 3 1 1 5
5 4 1 1 5
5 5 1 1 5
5 6 1 1 5
5 7 1 1 5
5 8 1 1 5
5 9 1 1 5
5 10 1 1 5
5 11 1 1 5
6 0 1 1 5
6 1 1 1 5
6 2 1 1 5
6 3 1 1 5
6 4 1 1 5
6 5 1 1 5
6 6 1 1 5
6 7 1 1 5
6 8 1 1 5
6 9 1 1 5
6 10 1 1 5
6 11 1 1 5
7 0 1 1 5
7 1 1 1 5
7 2 1 1 5
7 3 1 1 5
7 4 1 1 5
7 5 1 1 5
7 6 1 1 5
7 7 1 1 5
7 8 1 1 5
7 9 1 1 5
7 10 1 1 5
7 11 1 1 5
8 0 1 1 5
8 1 1 1 5
8 2 1 1 5
8 3 1 1 5
8 4 1 1 5
8 5 1 1 5
8 6 1 1 5
8 7 1 1 5
8 8 1 1 5
8 9 1 1 5
8 10 1 1 5
8 11 1 1 5
9 0 1 1 5
9 1 1 1 5
9 2 1 1 5
9 3 1 1 5
9 4 1 1 5
9 5 1 1 5
9 6 1 1 5
9 7 1 1 5
9 8 1 1 5
9 9 1 1 5
9 10 1 1 5
9 11 1 1 5
10 0 1 1 5
10 1 1 1 5
10 2 1 1 5
10 3 1 1 5
10 4 1 1 5
10 5 1 1 5
10 6 1 1 5
10 7 1 1 5
10 8 1 1 5
10 9 1 1 5
10 10 1 1 5
10 11 1 1 5
11 0 1 1 5
11 1 1 1 5
11 2 1 1 5
11 3 1 1 5
11 4 1 1 5
11 5 1 1 5
11 6 1 1 5
11 7 1 1 5
11 8 1 1 5
11 9 1 1 5
11 10 1 1 5
11 11 1 1 5
12 0 1 1 5
12 1 1 1 5
12 2 1 1 5
12 3 1 1 5
12 4 1 1 5
12 5 1 1 5
12 6 1 1 5
12 7 1 1 5
12 8 1 1 5
12 9 1 1 5
12 10 1 1 5
12 11 1 1 5
13 0 1 1 5
13 1 1 1 5
13 2 1 1 5
13 3 1 1 5
13 4 1 1 5
13 5 1 1 5
13 6 1 1 5
13 7 1 1 5
13 8 1 1 5
13 9 1 1 5
13 10 1 1 5
13 11 1 1 5
14 0 1 1 5
14 1 1 1 5
14 2 1 1 5
14 3 1 1 5
14 4 1 1 5
14 5 1 1 5
14 6 1 1 5
14 7 1 1 5
14 8 1 1 5
14 9 1 1 5
14 10 1 1 5
14 11 1 1 5
15 0 1 1 5
15 1 1 1 5
15 2 1 1 5
15 3 1 1 5
15 4 1 1 5
15 5 1 1 5
15 6 1 1 5
15 7 1 1 5
15 8 1 1 5
15 9 1 1 5
15 10 1 1 5
15 11 1 1 5
0 0 1 1 10
0 1 1 1 10
0 2 1 1 10
0 3 1 1 10
0 4 1 1 10
0 5 1 1 10
0 6 1 1 10
0 7 1 1 10
0 8 1 1 10
0 9 1 1 10
0 10 1 1 10
0 11 1 1 10
1 0 1 1 10
1 1 1 1 10
1 2 1 1 10
1 3 1 1 10
1 4 1 1 10
1 5 1 1 10
1 6 1 1 10
1 7 1 1 10
1 8 1 1 10
1 9 1 1 10
1 10 1 1 10
1 11 1 1 10
2 0 1 1 10
2 1 1 1 10
2 2 1 1 10
2 3 1 1 10
2 4 1 1 10
2 5 1 1 10
2 6 1 1 10
2 7 1 1 10
2 8 1 1 10
2 9 1 1 10
2 10 1 1 10
2 11 1 1 10
3 0 1 1 10
3 1 1 1 10
3 2 1 1 10
3 3 1 1 10
3 4 1 1 10
3 5 1 1 10
3 6 1 1 10
3 7 1 1 10
3 8 1 1 10
3 9 1 1 10
3 10 1 1 10
3 11 1 1 10
4 0 1 1 10
4 1 1 1 10
4 2 1 1 10
4 3 1 1 10
4 4 1 1 10
4 5 1 1 10
4 6 1 1 10
4 7 1 1 10
4 8 1 1 10
4 9 1 1 10
4 10 1 1 10
4 11 1 1 10
5 0 1 1 10
5 1 1 1 10
5 2 1 1 10
5 3 1 1 10
5 4 1 1 10
5 5 1 1 10
5 6 1 1 10
5 7 1 1 10
5 8 1 1 10
5 9 1 1 10
5 10 1 1 10
5 11 1 1 10
6 0 1 1 10
6 1 1 1 10
6 2 1 1 10
6 3 1 1 10
6 4 1 1 10
6 5 1 1 10
6 6 1 1 10
6 7 1 1 10
6 8 1 1 10
6 9 1 1 10
6 10 1 1 10
6 11 1 1 10
7 0 1 1 10
7 1 1 1 10
7 2 1 1 10
7 3 1 1 10
7 4 1 1 10
7 5 1 1 10
7 6 1 1 10
7 7 1 1 10
7 8 1 1 10
7 9 1 1 10
7 10 1 1 10
7 11 1 1 10
8 0 1 1 10
8 1 1 1 10
8 2 1 1 10
8 3 1 1 10
8 4 1 1 10
8 5 1 1 10
8 6 1 1 10
8 7 1 1 10
8 8 1 1 10
8 9 1 1 10
8 10 1 1 10
8 11 1 1 10
9 0 1 1 10
9 1 1 1 10
9 2 1 1 10
9 3 1 1 10
9 4 1 1 10
9 5 1 1 10
9 6 1 1 10
9 7 1 1 10
9 8 1 1 10
9 9 1 1 10
9 10 1 1 10
9 11 1 1 10
10 0 1 1 10
10 1 1 1 10
10 2 1 1 10
10 3 1 1 10
10 4 1 1 10
10 5 1 1 10
10 6 1 1 10
10 7 1 1 10
10 8 1 1 10
10 9 1 1 10
10 10 1 1 10
10 11 1 1 10
11 0 1 1 10
11 1 1 1 10
11 2 1 1 10
11 3 1 1 10
11 4 1 1 10
11 5 1 1 10
11 6 1 1 10
11 7 1 1 10
11 8 1 1 10
11 9 1 1 10
11 10 1 1 10
11 11 1 1 10
12 0 1 1 10
12 1 1 1 10
12 2 1 1 10
12 3 1 1 10
12 4 1 1 10
12 5 1 1 10
12 6 1 1 10
12 7 1 1 10
12 8 1 1 10
12 9 1 1 10
12 10 1 1 10
12 11 1 1 10
13 0 1 1 10
13 1 1 1 10
13 2 1 1 10
13 3 1 1 10
13 4 1 1 10
13 5 1 1 10
13 6 1 1 10
13 7 1 1 10
13 8 1 1 10
13 9 1 1 10
13 10 1 1 10
13 11 1 1 10
14 0 1 1 10
14 1 1 1 10
14 2 1 1 10
14 3 1 1 10
14 4 1 1 10
14 5 1 1 10
14 6 1 1 10
14 7 1 1 10
14 8 1 1 10
14 9 1 1 10
14 10 1 1 10
14 11 1 1 10
15 0 1 1 10
15 1 1 1 10
15 2 1 1 10
15 3 1 1 10
15 4 1 1 10
15 5 1 1 10
15 6 1 1 10
15 7 1 1 10
15 8 1 1 10
15 9 1 1 10
15 10 1 1 10
15 11 1 1 10
0 0 1 1 15
0 1 1 1 15
0 2 1 1 15
0 3 1 1 15
0 4 1 1 15
0 5 1 1 15
0 6 1 1 15
0 7 1 1 15
0 8 1 1 15
0 9 1 1 15
0 10 1 1 15
0 11 1 1 15
1 0 1 1 15
1 1 1 1 15
1 2 1 1 15
1 3 1 1 15
1 4 1 1 15
1 5 1 1 15
1 6 1 1 15
1 7 1 1 15
1 8 1 1 15
1 9 1 1 15
1 10 1 1 15
1 11 1 1 15
2 0 1 1 15
2 1 1 1 15
2 2 1 1 15
2 3 1 1 15
2 4 1 1 15
2 5 1 1 15
2 6 1 1 15
2 7 1 1 15
2 8 1 1 15
2 9 1 1 15
2 10 1 1 15
2 11 1 1 15
3 0 1 1 15
3 1 1 1 15
3 2 1 1 15
3 3 1 1 15
3 4 1 1 15
3 5 1 1 15
3 6 1 1 15
3 7 1 1 15
3 8 1 1 15
3 9 1 1 15
3 10 1 1 15
3 11 1 1 15
4 0 1 1 15
4 1 1 1 15
4 2 1 1 15
4 3 1 1 15
4 4 1 1 15
4 5 1 1 15
4 6 1 1 15
4 7 1 1 15
4 8 1 1 15
4 9 1 1 15
4 10 1 1 15
4 11 1 1 15
5 0 1 1 15
5 1 1 1 15
5 2 1 1 15
5 3 1 1 15
5 4 1 1 15
5 5 1 1 15
5 6 1 1 15
5 7 1 1 15
5 8 1 1 15
5 9 1 1 15
5 10 1 1 15
5 11 1 1 15
6 0 1 1 15
6 1 1 1 15
6 2 1 1 15
6 3 1 1 15
6 4 1 1 15
6 5 1 1 15
6 6 1 1 15
6 7 1 1 15
6 8 1 1 15
6 9 1 1 15
6 10 1 1 15
6 11 1 1 15
7 0 1 1 15
7 1 1 1 15
7 2 1 1 15
7 3 1 1 15
7 4 1 1 15
7 5 1 1 15
7 6 1 1 15
7 7 1 1 15
7 8 1 1 15
7 9 1 1 15
7 10 1 1 15
7 11 1 1 15
8 0 1 1 15
8 1 1 1 15
8 2 1 1 15
8 3 1 1 15
8 4 1 1 15
8 5 1 1 15
8 6 1 1 15
8 7 1 1 15
8 8 1 1 15
8 9 1 1 15
8 10 1 1 15
8 11 1 1 15
9 0 1 1 15
9 1 1 1 15
9 2 1 1 15
9 3 1 1 15
9 4 1 1 15
9 5 1 1 15
9 6 1 1 15
9 7 1 1 15
9 8 1 1 15
9 9 1 1 15
9 10 1 1 15
9 11 1 1 15
10 0 1 1 15
10 1 1 1 15
10 2 1 1 15
10 3 1 1 15
10 4 1 1 15
10 5 1 1 15
10 6 1 1 15
10 7 1 1 15
10 8 1 1 15
10 9 1 1 15
10 10 1 1 15
10 11 1 1 15
11 0 1 1 15
11 1 1 1 15
11 2 1 1 15
11 3 1 1 15
11 4 1 1 15
11 5 1 1 15
11 6 1 1 15
11 7 1 1 15
11 8 1 1 15
11 9 1 1 15
11 10 1 1 15
11 11 1 1 15
12 0 1 1 15
12 1 1 1 15
12 2 1 1 15
12 3 1 1 15
12 4 1 1 15
12 5 1 1 15
12 6 1 1 15
12 7 1 1 15
12 8 1 1 15
12 9 1 1 15
12 10 1 1 15
12 11 1 1 15
13 0 1 1 15
13 1 1 1 15
13 2 1 1 15
13 3 1 1 15
13 4 1 1 15
13 5 1 1 15
13 6 1 1 15
13 7 1 1 15
13 8 1 1 15
13 9 1 1 15
13 10 1 1 15
13 11 1 1 15
14 0 1 1 15
14 1 1 1 15
14 2 1 1 15
14 3 1 1 15
14 4 1 1 15
14 5 1 1 15
14 6 1 1 15
14 7 1 1 15
14 8 1 1 15
14 9 1 1 15
14 10 1 1 15
14 11 1 1 15
15 0 1 1 15
15 1 1 1 15
15 2 1 1 15
15 3 1 1 15
15 4 1 1 15
15 5 1 1 15
15 6 1 1 15
15 7 1 1 15
15 8 1 1 15
15 9 1 1 15
15 10 1 1 15
15 11 1 1 15
0 0 1 2 5
0 1 1 2 5
0 2 1 2 5
0 3 1 2 5
0 4 1 2 5
0 5 1 2 5
0 6 1 2 5
0 7 1 2 5
0 8 1 2 5
0 9 1 2 5
0 10 1 2 5
0 11 1 2 5
1 0 1 2 5
1 1 1 2 5
1 2 1 2 5
1 3 1 2 5
1 4 1 2 5
1 5 1 2 5
1 6 1 2 5
1 7 1 2 5
1 8 1 2 5
1 9 1 2 5
1 10 1 2 5
1 11 1 2 5
2 0 1 2 5
2 1 1 2 5
2 2 1 2 5
2 3 1 2 5
2 4 1 2 5
2 5 1 2 5
2 6 1 2 5
2 7 1 2 5
2 8 1 2 5
2 9 1 2 5
2 10 1 2 5
2 11 1 2 5
3 0 1 2 5
3 1 1 2 5
3 2 1 2 5
3 3 1 2 5
3 4 1 2 5
3 5 1 2 5
3 6 1 2 5
3 7 1 2 5
3 8 1 2 5
3 9 1 2 5
3 10 1 2 5
3 11 1 2 5
4 0 1 2 5
4 1 1 2 5
4 2 1 2 5
4 3 1 2 5
4 4 1 2 5
4 5 1 2 5
4 6 1 2 5
4 7 1 2 5
4 8 1 2 5
4 9 1 2 5
4 10 1 2 5
4 11 1 2 5
5 0 1 2 5
5 1 1 2 5
5 2 1 2 5
5 3 1 2 5
5 4 1 2 5
5 5 1 2 5
5 6 1 2 5
5 7 1 2 5
5 8 1 2 5
5 9 1 2 5
5 10 1 2 5
5 11 1 2 5
6 0 1 2 5
6 1 1 2 5
6 2 1 2 5
6 3 1 2 5
6 4 1 2 5
6 5 1 2 5
6 6 1 2 5
6 7 1 2 5
6 8 1 2 5
6 9 1 2 5
6 10 1 2 5
6 11 1 2 5
7 0 1 2 5
7 1 1 2 5
7 2 1 2 5
7 3 1 2 5
7 4 1 2 5
7 5 1 2 5
7 6 1 2 5
7 7 1 2 5
7 8 1 2 5
7 9 1 2 5
7 10 1 2 5
7 11 1 2 5
8 0 1 2 5
8 1 1 2 5
8 2 1 2 5
8 3 1 2 5
8 4 1 2 5
8 5 1 2 5
8 6 1 2 5
8 7 1 2 5
8 8 1 2 5
8 9 1 2 5
8 10 1 2 5
8 11 1 2 5
9 0 1 2 5
9 1 1 2 5
9 2 1 2 5
9 3 1 2 5
9 4 1 2 5
9 5 1 2 5
9 6 1 2 5
9 7 1 2 5
9 8 1 2 5
9 9 1 2 5
9 10 1 2 5
9 11 1 2 5
10 0 1 2 5
10 1 1 2 5
10 2 1 2 5
10 3 1 2 5
10 4 1 2 5
10 5 1 2 5
10 6 1 2 5
10 7 1 2 5
10 8 1 2 5
10 9 1 2 5
10 10 1 2 5
10 11 1 2 5
11 0 1 2 5
11 1 1 2 5
11 2 1 2 5
11 3 1 2 5
11 4 1 2 5
11 5 1 2 5
11 6 1 2 5
11 7 1 2 5
11 8 1 2 5
11 9 1 2 5
11 10 1 2 5
11 11 1 2 5
12 0 1 2 5
12 1 1 2 5
12 2 1 2 5
12 3 1 2 5
12 4 1 2 5
12 5 1 2 5
12 6 1 2 5
12 7 1 2 5
12 8 1 2 5
12 9 1 2 5
12 10 1 2 5
12 11 1 2 5
13 0 1 2 5
13 1 1 2 5
13 2 1 2 5
13 3 1 2 5
13 4 1 2 5
13 5 1 2 5
13 6 1 2 5
13 7 1 2 5
13 8 1 2 5
13 9 1 2 5
13 10 1 2 5
13 11 1 2 5
14 0 1 2 5
14 1 1 2 5
14 2 1 2 5
14 3 1 2 5
14 4 1 2 5
14 5 1 2 5
14 6 1 2 5
14 7 1 2 5
14 8 1 2 5
14 9 1 2 5
14 10 1 2 5
14 11 1 2 5
15 0 1 2 5
15 1 1 2 5
15 2 1 2 5
15 3 1 2 5
15 4 1 2 5
15 5 1 2 5
15 6 1 2 5
15 7 1 2 5
15 8 1 2 5
15 9 1 2 5
15 10 1 2 5
15 11 1 2 5
0 0 1 2 10
0 1 1 2 10
0 2 1 2 10
0 3 1 2 10
0 4 1 2 10
0 5 1 2 10
0 6 1 2 10
0 7 1 2 10
0 8 1 2 10
0 9 1 2 10
0 10 1 2 10
0 11 1 2 10
1 0 1 2 10
1 1 1 2 10
1 2 1 2 10
1 3 1 2 10
1 4 1 2 10
1 5 1 2 10
1 6 1 2 10
1 7 1 2 10
1 8 1 2 10
1 9 1 2 10
1 10 1 2 10
1 11 1 2 10
2 0 1 2 10
2 1 1 2 10
2 2 1 2 10
2 3 1 2 10
2 4 1 2 10
2 5 1 2 10
2 6 1 2 10
2 7 1 2 10
2 8 1 2 10
2 9 1 2 10
2 10 1 2 10
2 11 1 2 10
3 0 1 2 10
3 1 1 2 10
3 2 1 2 10
3 3 1 2 10
3 4 1 2 10
3 5 1 2 10
3 6 1 2 10
3 7 1 2 10
3 8 1 2 10
3 9 1 2 10
3 10 1 2 10
3 11 1 2 10
4 0 1 2 10
4 1 1 2 10
4 2 1 2 10
4 3 1 2 10
4 4 1 2 10
4 5 1 2 10
4 6 1 2 10
4 7 1 2 10
4 8 1 2 10
4 9 1 2 10
4 10 1 2 10
4 11 1 2 10
5 0 1 2 10
5 1 1 2 10
5 2 1 2 10
5 3 1 2 10
5 4 1 2 10
5 5 1 2 10
5 6 1 2 10
5 7 1 2 10
5 8 1 2 10
5 9 1 2 10
5 10 1 2 10
5 11 1 2 10
6 0 1 2 10
6 1 1 2 10
6 2 1 2 10
6 3 1 2 10
6 4 1 2 10
6 5 1 2 10
6 6 1 2 10
6 7 1 2 10
6 8 1 2 10
6 9 1 2 10
6 10 1 2 10
6 11 1 2 10
7 0 1 2 10
7 1 1 2 10
7 2 1 2 10
7 3 1 2 10
7 4 1 2 10
7 5 1 2 10
7 6 1 2 10
7 7 1 2 10
7 8 1 2 10
7 9 1 2 10
7 10 1 2 10
7 11 1 2 10
8 0 1 2 10
8 1 1 2 10
8 2 1 2 10
8 3 1 2 10
8 4 1 2 10
8 5 1 2 10
8 6 1 2 10
8 7 1 2 10
8 8 1 2 10
8 9 1 2 10
8 10 1 2 10
8 11 1 2 10
9 0 1 2 10
9 1 1 2 10
9 2 1 2 10
9 3 1 2 10
9 4 1 2 10
9 5 1 2 10
9 6 1 2 10
9 7 1 2 10
9 8 1 2 10
9 9 1 2 10
9 10 1 2 10
9 11 1 2 10
10 0 1 2 10
10 1 1 2 10
10 2 1 2 10
10 3 1 2 10
10 4 1 2 10
10 5 1 2 10
10 6 1 2 10
10 7 1 2 10
10 8 1 2 10
10 9 1 2 10
10 10 1 2 10
10 11 1 2 10
11 0 1 2 10
11 1 1 2 10
11 2 1 2 10
11 3 1 2 10
11 4 1 2 10
11 5 1 2 10
11 6 1 2 10
11 7 1 2 10
11 8 1 2 10
11 9 1 2 10
11 10 1 2 10
11 11 1 2 10
12 0 1 2 10
12 1 1 2 10
12 2 1 2 10
12 3 1 2 10
12 4 1 2 10
12 5 1 2 10
12 6 1 2 10
12 7 1 2 10
12 8 1 2 10
12 9 1 2 10
12 10 1 2 10
12 11 1 2 10
13 0 1 2 10
13 1 1 2 10
13 2 1 2 10
13 3 1 2 10
13 4 1 2 10
13 5 1 2 10
13 6 1 2 10
13 7 1 2 10
13 8 1 2 10
13 9 1 2 10
13 10 1 2 10
13 11 1 2 10
14 0 1 2 10
14 1 1 2 10
14 2 1 2 10
14 3 1 2 10
14 4 1 2 10
14 5 1 2 10
14 6 1 2 10
14 7 1 2 10
14 8 1 2 10
14 9 1 2 10
14 10 1 2 10
14 11 1 2 10
15 0 1 2 10
15 1 1 2 10
15 2 1 2 10
15 3 1 2 10
15 4 1 2 10
15 5 1 2 10
15 6 1 2 10
15 7 1 2 10
15 8 1 2 10
15 9 1 2 10
15 10 1 2 10
15 11 1 2 10
0 0 1 2 15
0 1 1 2 15
0 2 1 2 15
0 3 1 2 15
0 4 1 2 15
0 5 1 2 15
0 6 1 2 15
0 7 1 2 15
0 8 1 2 15
0 9 1 2 15
0 10 1 2 15
0 11 1 2 15
1 0 1 2 15
1 1 1 2 15
1 2 1 2 15
1 3 1 2 15
1 4 1 2 15
1 5 1 2 15
1 6 1 2 15
1 7 1 2 15
1 8 1 2 15
1 9 1 2 15
1 10 1 2 15
1 11 1 2 15
2 0 1 2 15
2 1 1 2 15
2 2 1 2 15
2 3 1 2 15
2 4 1 2 15
2 5 1 2 15
2 6 1 2 15
2 7 1 2 15
2 8 1 2 15
2 9 1 2 15
2 10 1 2 15
2 11 1 2 15
3 0 1 2 15
3 1 1 2 15
3 2 1 2 15
3 3 1 2 15
3 4 1 2 15
3 5 1 2 15
3 6 1 2 15
3 7 1 2 15
3 8 1 2 15
3 9 1 2 15
3 10 1 2 15
3 11 1 2 15
4 0 1 2 15
4 1 1 2 15
4 2 1 2 15
4 3 1 2 15
4 4 1 2 15
4 5 1 2 15
4 6 1 2 15
4 7 1 2 15
4 8 1 2 15
4 9 1 2 15
4 10 1 2 15
4 11 1 2 15
5 0 1 2 15
5 1 1 2 15
5 2 1 2 15
5 3 1 2 15
5 4 1 2 15
5 5 1 2 15
5 6 1 2 15
5 7 1 2 15
5 8 1 2 15
5 9 1 2 15
5 10 1 2 15
5 11 1 2 15
6 0 1 2 15
6 1 1 2 15
6 2 1 2 15
6 3 1 2 15
6 4 1 2 15
6 5 1 2 15
6 6 1 2 15
6 7 1 2 15
6 8 1 2 15
6 9 1 2 15
6 10 1 2 15
6 11 1 2 15
7 0 1 2 15
7 1 1 2 15
7 2 1 2 15
7 3 1 2 15
7 4 1 2 15
7 5 1 2 15
7 6 1 2 15
7 7 1 2 15
7 8 1 2 15
7 9 1 2 15
7 10 1 2 15
7 11 1 2 15
8 0 1 2 15
8 1 1 2 15
8 2 1 2 15
8 3 1 2 15
8 4 1 2 15
8 5 1 2 15
8 6 1 2 15
8 7 1 2 15
8 8 1 2 15
8 9 1 2 15
8 10 1 2 15
8 11 1 2 15
9 0 1 2 15
9 1 1 2 15
9 2 1 2 15
9 3 1 2 15
9 4 1 2 15
9 5 1 2 15
9 6 1 2 15
9 7 1 2 15
9 8 1 2 15
9 9 1 2 15
9 10 1 2 15
9 11 1 2 15
10 0 1 2 15
10 1 1 2 15
10 2 1 2 15
10 3 1 2 15
10 4 1 2 15
10 5 1 2 15
10 6 1 2 15
10 7 1 2 15
10 8 1 2 15
10 9 1 2 15
10 10 1 2 15
10 11 1 2 15
11 0 1 2 15
11 1 1 2 15
11 2 1 2 15
11 3 1 2 15
11 4 1 2 15
11 5 1 2 15
11 6 1 2 15
11 7 1 2 15
11 8 1 2 15
11 9 1 2 15
11 10 1 2 15
11 11 1 2 15
12 0 1 2 15
12 1 1 2 15
12 2 1 2 15
12 3 1 2 15
12 4 1 2 15
12 5 1 2 15
12 6 1 2 15
12 7 1 2 15
12 8 1 2 15
12 9 1 2 15
12 10 1 2 15
12 11 1 2 15
13 0 1 2 15
13 1 1 2 15
13 2 1 2 15
13 3 1 2 15
13 4 1 2 15
13 5 1 2 15
13 6 1 2 15
13 7 1 2 15
13 8 1 2 15
13 9 1 2 15
13 10 1 2 15
13 11 1 2 15
14 0 1 2 15
14 1 1 2 15
14 2 1 2 15
14 3 1 2 15
14 4 1 2 15
14 5 1 2 15
14 6 1 2 15
14 7 1 2 15
14 8 1 2 15
14 9 1 2 15
14 10 1 2 15
14 11 1 2 15
15 0 1 2 15
15 1 1 2 15
15 2 1 2 15
15 3 1 2 15
15 4 1 2 15
15 5 1 2 15
15 6 1 2 15
15 7 1 2 15
15 8 1 2 15
15 9 1 2 15
15 10 1 2 15
15 11 1 2 15
0 0 1 4 5
0 1 1 4 5
0 2 1 4 5
0 3 1 4 5
0 4 1 4 5
0 5 1 4 5
0 6 1 4 5
0 7 1 4 5
0 8 1 4 5
0 9 1 4 5
0 10 1 4 5
0 11 1 4 5
1 0 1 4 5
1 1 1 4 5
1 2 1 4 5
1 3 1 4 5
1 4 1 4 5
1 5 1 4 5
1 6 1 4 5
1 7 1 4 5
1 8 1 4 5
1 9 1 4 5
1 10 1 4 5
1 11 1 4 5
2 0 1 4 5
2 1 1 4 5
2 2 1 4 5
2 3 1 4 5
2 4 1 4 5
2 5 1 4 5
2 6 1 4 5
2 7 1 4 5
2 8 1 4 5
2 9 1 4 5
2 10 1 4 5
2 11 1 4 5
3 0 1 4 5
3 1 1 4 5
3 2 1 4 5
3 3 1 4 5
3 4 1 4 5
3 5 1 4 5
3 6 1 4 5
3 7 1 4 5
3 8 1 4 5
3 9 1 4 5
3 10 1 4 5
3 11 1 4 5
4 0 1 4 5
4 1 1 4 5
4 2 1 4 5
4 3 1 4 5
4 4 1 4 5
4 5 1 4 5
4 6 1 4 5
4 7 1 4 5
4 8 1 4 5
4 9 1 4 5
4 10 1 4 5
4 11 1 4 5
5 0 1 4 5
5 1 1 4 5
5 2 1 4 5
5 3 1 4 5
5 4 1 4 5
5 5 1 4 5
5 6 1 4 5
5 7 1 4 5
5 8 1 4 5
5 9 1 4 5
5 10 1 4 5
5 11 1 4 5
6 0 1 4 5
6 1 1 4 5
6 2 1 4 5
6 3 1 4 5
6 4 1 4 5
6 5 1 4 5
6 6 1 4 5
6 7 1 4 5
6 8 1 4 5
6 9 1 4 5
6 10 1 4 5
6 11 1 4 5
7 0 1 4 5
7 1 1 4 5
7 2 1 4 5
7 3 1 4 5
7 4 1 4 5
7 5 1 4 5
7 6 1 4 5
7 7 1 4 5
7 8 1 4 5
7 9 1 4 5
7 10 1 4 5
7 11 1 4 5
8 0 1 4 5
8 1 1 4 5
8 2 1 4 5
8 3 1 4 5
8 4 1 4 5
8 5 1 4 5
8 6 1 4 5
8 7 1 4 5
8 8 1 4 5
8 9 1 4 5
8 10 1 4 5
8 11 1 4 5
9 0 1 4 5
9 1 1 4 5
9 2 1 4 5
9 3 1 4 5
9 4 1 4 5
9 5 1 4 5
9 6 1 4 5
9 7 1 4 5
9 8 1 4 5
9 9 1 4 5
9 10 1 4 5
9 11 1 4 5
10 0 1 4 5
10 1 1 4 5
10 2 1 4 5
10 3 1 4 5
10 4 1 4 5
10 5 1 4 5
10 6 1 4 5
10 7 1 4 5
10 8 1 4 5
10 9 1 4 5
10 10 1 4 5
10 11 1 4 5
11 0 1 4 5
11 1 1 4 5
11 2 1 4 5
11 3 1 4 5
11 4 1 4 5
11 5 1 4 5
11 6 1 4 5
11 7 1 4 5
11 8 1 4 5
11 9 1 4 5
11 10 1 4 5
11 11 1 4 5
12 0 1 4 5
12 1 1 4 5
12 2 1 4 5
12 3 1 4 5
12 4 1 4 5
12 5 1 4 5
12 6 1 4 5
12 7 1 4 5
12 8 1 4 5
12 9 1 4 5
12 10 1 4 5
12 11 1 4 5
13 0 1 4 5
13 1 1 4 5
13 2 1 4 5
13 3 1 4 5
13 4 1 4 5
13 5 1 4 5
13 6 1 4 5
13 7 1 4 5
13 8 1 4 5
13 9 1 4 5
13 10 1 4 5
13 11 1 4 5
14 0 1 4 5
14 1 1 4 5
14 2 1 4 5
14 3 1 4 5
14 4 1 4 5
14 5 1 4 5
14 6 1 4 5
14 7 1 4 5
14 8 1 4 5
14 9 1 4 5
14 10 1 4 5
14 11 1 4 5
15 0 1 4 5
15 1 1 4 5
15 2 1 4 5
15 3 1 4 5
15 4 1 4 5
15 5 1 4 5
15 6 1 4 5
15 7 1 4 5
15 8 1 4 5
15 9 1 4 5
15 10 1 4 5
15 11 1 4 5
0 0 1 4 10
0 1 1 4 10
0 2 1 4 10
0 3 1 4 10
0 4 1 4 10
0 5 1 4 10
0 6 1 4 10
0 7 1 4 10
0 8 1 4 10
0 9 1 4 10
0 10 1 4 10
0 11 1 4 10
1 0 1 4 10
1 1 1 4 10
1 2 1 4 10
1 3 1 4 10
1 4 1 4 10
1 5 1 4 10
1 6 1 4 10
1 7 1 4 10
1 8 1 4 10
1 9 1 4 10
1 10 1 4 10
1 11 1 4 10
2 0 1 4 10
2 1 1 4 10
2 2 1 4 10
2 3 1 4 10
2 4 1 4 10
2 5 1 4 10
2 6 1 4 10
2 7 1 4 10
2 8 1 4 10
2 9 1 4 10
2 10 1 4 10
2 11 1 4 10
3 0 1 4 10
3 1 1 4 10
3 2 1 4 10
3 3 1 4 10
3 4 1 4 10
3 5 1 4 10
3 6 1 4 10
3 7 1 4 10
3 8 1 4 10
3 9 1 4 10
3 10 1 4 10
3 11 1 4 10
4 0 1 4 10
4 1 1 4 10
4 2 1 4 10
4 3 1 4 10
4 4 1 4 10
4 5 1 4 10
4 6 1 4 10
4 7 1 4 10
4 8 1 4 10
4 9 1 4 10
4 10 1 4 10
4 11 1 4 10
5 0 1 4 10
5 1 1 4 10
5 2 1 4 10
5 3 1 4 10
5 4 1 4 10
5 5 1 4 10
5 6 1 4 10
5 7 1 4 10
5 8 1 4 10
5 9 1 4 10
5 10 1 4 10
5 11 1 4 10
6 0 1 4 10
6 1 1 4 10
6 2 1 4 10
6 3 1 4 10
6 4 1 4 10
6 5 1 4 10
6 6 1 4 10
6 7 1 4 10
6 8 1 4 10
6 9 1 4 10
6 10 1 4 10
6 11 1 4 10
7 0 1 4 10
7 1 1 4 10
7 2 1 4 10
7 3 1 4 10
7 4 1 4 10
7 5 1 4 10
7 6 1 4 10
7 7 1 4 10
7 8 1 4 10
7 9 1 4 10
7 10 1 4 10
7 11 1 4 10
8 0 1 4 10
8 1 1 4 10
8 2 1 4 10
8 3 1 4 10
8 4 1 4 10
8 5 1 4 10
8 6 1 4 10
8 7 1 4 10
8 8 1 4 10
8 9 1 4 10
8 10 1 4 10
8 11 1 4 10
9 0 1 4 10
9 1 1 4 10
9 2 1 4 10
9 3 1 4 10
9 4 1 4 10
9 5 1 4 10
9 6 1 4 10
9 7 1 4 10
9 8 1 4 10
9 9 1 4 10
9 10 1 4 10
9 11 1 4 10
10 0 1 4 10
10 1 1 4 10
10 2 1 4 10
10 3 1 4 10
10 4 1 4 10
10 5 1 4 10
10 6 1 4 10
10 7 1 4 10
10 8 1 4 10
10 9 1 4 10
10 10 1 4 10
10 11 1 4 10
11 0 1 4 10
11 1 1 4 10
11 2 1 4 10
11 3 1 4 10
11 4 1 4 10
11 5 1 4 10
11 6 1 4 10
11 7 1 4 10
11 8 1 4 10
11 9 1 4 10
11 10 1 4 10
11 11 1 4 10
12 0 1 4 10
12 1 1 4 10
12 2 1 4 10
12 3 1 4 10
12 4 1 4 10
12 5 1 4 10
12 6 1 4 10
12 7 1 4 10
12 8 1 4 10
12 9 1 4 10
12 10 1 4 10
12 11 1 4 10
13 0 1 4 10
13 1 1 4 10
13 2 1 4 10
13 3 1 4 10
13 4 1 4 10
13 5 1 4 10
13 6 1 4 10
13 7 1 4 10
13 8 1 4 10
13 9 1 4 10
13 10 1 4 10
13 11 1 4 10
14 0 1 4 10
14 1 1 4 10
14 2 1 4 10
14 3 1 4 10
14 4 1 4 10
14 5 1 4 10
14 6 1 4 10
14 7 1 4 10
14 8 1 4 10
14 9 1 4 10
14 10 1 4 10
14 11 1 4 10
15 0 1 4 10
15 1 1 4 10
15 2 1 4 10
15 3 1 4 10
15 4 1 4 10
15 5 1 4 10
15 6 1 4 10
15 7 1 4 10
15 8 1 4 10
15 9 1 4 10
15 10 1 4 10
15 11 1 4 10
0 0 1 4 15
0 1 1 4 15
0 2 1 4 15
0 3 1 4 15
0 4 1 4 15
0 5 1 4 15
0 6 1 4 15
0 7 1 4 15
0 8 1 4 15
0 9 1 4 15
0 10 1 4 15
0 11 1 4 15
1 0 1 4 15
1 1 1 4 15
1 2 1 4 15
1 3 1 4 15
1 4 1 4 15
1 5 1 4 15
1 6 1 4 15
1 7 1 4 15
1 8 1 4 15
1 9 1 4 15
1 10 1 4 15
1 11 1 4 15
2 0 1 4 15
2 1 1 4 15
2 2 1 4 15
2 3 1 4 15
2 4 1 4 15
2 5 1 4 15
2 6 1 4 15
2 7 1 4 15
2 8 1 4 15
2 9 1 4 15
2 10 1 4 15
2 11 1 4 15
3 0 1 4 15
3 1 1 4 15
3 2 1 4 15
3 3 1 4 15
3 4 1 4 15
3 5 1 4 15
3 6 1 4 15
3 7 1 4 15
3 8 1 4 15
3 9 1 4 15
3 10 1 4 15
3 11 1 4 15
4 0 1 4 15
4 1 1 4 15
4 2 1 4 15
4 3 1 4 15
4 4 1 4 15
4 5 1 4 15
4 6 1 4 15
4 7 1 4 15
4 8 1 4 15
4 9 1 4 15
4 10 1 4 15
4 11 1 4 15
5 0 1 4 15
5 1 1 4 15
5 2 1 4 15
5 3 1 4 15
5 4 1 4 15
5 5 1 4 15
5 6 1 4 15
5 7 1 4 15
5 8 1 4 15
5 9 1 4 15
5 10 1 4 15
5 11 1 4 15
6 0 1 4 15
6 1 1 4 15
6 2 1 4 15
6 3 1 4 15
6 4 1 4 15
6 5 1 4 15
6 6 1 4 15
6 7 1 4 15
6 8 1 4 15
6 9 1 4 15
6 10 1 4 15
6 11 1 4 15
7 0 1 4 15
7 1 1 4 15
7 2 1 4 15
7 3 1 4 15
7 4 1 4 15
7 5 1 4 15
7 6 1 4 15
7 7 1 4 15
7 8 1 4 15
7 9 1 4 15
7 10 1 4 15
7 11 1 4 15
8 0 1 4 15
8 1 1 4 15
8 2 1 4 15
8 3 1 4 15
8 4 1 4 15
8 5 1 4 15
8 6 1 4 15
8 7 1 4 15
8 8 1 4 15
8 9 1 4 15
8 10 1 4 15
8 11 1 4 15
9 0 1 4 15
9 1 1 4 15
9 2 1 4 15
9 3 1 4 15
9 4 1 4 15
9 5 1 4 15
9 6 1 4 15
9 7 1 4 15
9 8 1 4 15
9 9 1 4 15
9 10 1 4 15
9 11 1 4 15
10 0 1 4 15
10 1 1 4 15
10 2 1 4 15
10 3 1 4 15
10 4 1 4 15
10 5 1 4 15
10 6 1 4 15
10 7 1 4 15
10 8 1 4 15
10 9 1 4 15
10 10 1 4 15
10 11 1 4 15
11 0 1 4 15
11 1 1 4 15
11 2 1 4 15
11 3 1 4 15
11 4 1 4 15
11 5 1 4 15
11 6 1 4 15
11 7 1 4 15
11 8 1 4 15
11 9 1 4 15
11 10 1 4 15
11 11 1 4 15
12 0 1 4 15
12 1 1 4 15
12 2 1 4 15
12 3 1 4 15
12 4 1 4 15
12 5 1 4 15
12 6 1 4 15
12 7 1 4 15
12 8 1 4 15
12 9 1 4 15
12 10 1 4 15
12 11 1 4 15
13 0 1 4 15
13 1 1 4 15
13 2 1 4 15
13 3 1 4 15
13 4 1 4 15
13 5 1 4 15
13 6 1 4 15
13 7 1 4 15
13 8 1 4 15
13 9 1 4 15
13 10 1 4 15
13 11 1 4 15
14 0 1 4 15
14 1 1 4 15
14 2 1 4 15
14 3 1 4 15
14 4 1 4 15
14 5 1 4 15
14 6 1 4 15
14 7 1 4 15
14 8 1 4 15
14 9 1 4 15
14 10 1 4 15
14 11 1 4 15
15 0 1 4 15
15 1 1 4 15
15 2 1 4 15
15 3 1 4 15
15 4 1 4 15
15 5 1 4 15
15 6 1 4 15
15 7 1 4 15
15 8 1 4 15
15 9 1 4 15
15 10 1 4 15
15 11 1 4 15